Classification Report — norecot — Level 3 (min_support=0)
================================================================================

              precision    recall  f1-score   support

       0_0_0       0.97      0.82      0.89       494
       1_0_0       0.50      1.00      0.67         1
       1_1_0       0.00      0.00      0.00         0
       1_1_1       1.00      1.00      1.00         1
       1_1_3       1.00      1.00      1.00         1
       1_1_4       1.00      1.00      1.00         1
       1_2_0       0.00      0.00      0.00         1
       1_4_0       1.00      0.33      0.50         3
       1_7_0       1.00      1.00      1.00         1
       1_8_0       1.00      1.00      1.00         1
       2_0_0       0.00      0.00      0.00         0
       2_1_0       0.00      0.00      0.00         1
       2_1_1       1.00      1.00      1.00         1
       2_1_4       1.00      0.50      0.67         4
       2_2_0       0.00      0.00      0.00         1
       2_3_0       0.00      0.00      0.00         1
       2_3_1       0.00      0.00      0.00         1
       2_3_6       1.00      1.00      1.00         1
       3_0_0       0.00      0.00      0.00         0
       3_2_2       1.00      1.00      1.00         1
       3_3_0       0.25      1.00      0.40         1
       3_3_1       0.00      0.00      0.00         1
       3_4_0       0.00      0.00      0.00         1
       3_6_0       0.00      0.00      0.00         0
       4_0_0       0.00      0.00      0.00         0
       4_1_0       0.02      1.00      0.05         1
       4_1_1       0.72      0.65      0.68        43
       4_1_2       0.33      0.50      0.40         2
       4_1_3       0.50      0.50      0.50         4
       4_1_4       0.25      0.17      0.20         6
       4_1_5       1.00      0.33      0.50         9
       4_2_0       0.11      0.33      0.17         3
       4_2_1       0.00      0.00      0.00         1
      4_2_10       0.00      0.00      0.00         3
      4_2_12       0.00      0.00      0.00         0
      4_2_13       0.00      0.00      0.00         1
       4_2_2       0.40      0.50      0.44         4
       4_2_4       1.00      0.20      0.33        10
       4_2_6       0.20      1.00      0.33         1
       4_2_7       0.13      0.33      0.19         6
       4_2_8       0.33      1.00      0.50         1
       4_3_0       0.00      0.00      0.00         0
       4_3_1       1.00      0.50      0.67         2
       4_4_0       0.00      0.00      0.00         0
       4_4_1       0.00      0.00      0.00         0
       4_4_2       0.50      1.00      0.67         1
       4_4_3       0.00      0.00      0.00         1
       5_0_0       0.00      0.00      0.00         1
       5_1_0       0.56      0.50      0.53        10
       5_2_0       0.00      0.00      0.00         1
       5_4_0       0.50      0.80      0.62         5
       6_0_0       0.00      0.00      0.00         0
       6_1_0       0.14      0.20      0.17         5
       6_1_1       0.00      0.00      0.00         1
       6_1_3       0.08      0.17      0.11         6
       6_1_4       0.67      1.00      0.80         2
       6_1_5       0.17      0.25      0.20         4
       6_2_0       0.25      0.20      0.22         5
       7_0_0       0.00      0.00      0.00         0
       7_1_0       0.67      0.50      0.57        12
       7_2_0       0.29      0.44      0.35        16
       7_2_1       0.00      0.00      0.00         0
       7_2_2       0.00      0.00      0.00         0
       7_2_3       0.25      1.00      0.40         1
       7_2_4       0.00      0.00      0.00         1
       7_3_0       0.18      0.62      0.28        13
       7_4_0       0.00      0.00      0.00         0

   micro avg       0.63      0.72      0.67       700
   macro avg       0.33      0.38      0.31       700
weighted avg       0.83      0.72      0.76       700
 samples avg       0.73      0.76      0.74       700
