Classification Report — norecot — Level 1 (min_support=3)
================================================================================

              precision    recall  f1-score   support

           0       0.97      0.82      0.89       494
           1       1.00      0.78      0.88         9
           2       0.64      0.88      0.74         8
           3       0.50      0.75      0.60         4
           4       0.55      0.76      0.64        74
           5       0.72      0.81      0.76        16
           6       0.48      0.75      0.59        20
           7       0.34      0.83      0.48        29

   micro avg       0.80      0.81      0.81       654
   macro avg       0.65      0.80      0.70       654
weighted avg       0.87      0.81      0.83       654
 samples avg       0.82      0.82      0.81       654
