Classification Report — recot_no_trigger — Level 2 (min_support=0)
================================================================================

              precision    recall  f1-score   support

         0_0       0.98      0.85      0.91       494
         1_0       1.00      1.00      1.00         1
         1_1       1.00      0.67      0.80         3
         1_2       0.00      0.00      0.00         1
         1_4       1.00      0.67      0.80         3
         1_7       1.00      1.00      1.00         1
         1_8       1.00      1.00      1.00         1
         2_0       0.00      0.00      0.00         0
         2_1       0.86      1.00      0.92         6
         2_2       1.00      1.00      1.00         1
         2_3       0.33      0.50      0.40         2
         3_2       1.00      1.00      1.00         1
         3_3       0.67      1.00      0.80         2
         3_4       0.00      0.00      0.00         1
         4_1       0.68      0.75      0.71        55
         4_2       0.50      0.55      0.52        29
         4_3       0.00      0.00      0.00         2
         4_4       0.50      0.50      0.50         2
         5_0       0.25      1.00      0.40         1
         5_1       1.00      0.50      0.67        10
         5_2       0.00      0.00      0.00         1
         5_4       0.75      0.60      0.67         5
         6_1       0.53      0.56      0.55        16
         6_2       0.50      0.60      0.55         5
         7_0       0.00      0.00      0.00         0
         7_1       0.80      0.33      0.47        12
         7_2       0.27      0.67      0.38        18
         7_3       0.28      0.54      0.37        13

   micro avg       0.81      0.79      0.80       686
   macro avg       0.57      0.58      0.55       686
weighted avg       0.87      0.79      0.82       686
 samples avg       0.83      0.81      0.81       686
