Classification Report — recot_no_trigger — Level 3 (min_support=3)
================================================================================

              precision    recall  f1-score   support

       0_0_0       0.98      0.85      0.91       494
       1_4_0       1.00      0.67      0.80         3
       2_1_4       1.00      0.50      0.67         4
       4_1_1       0.69      0.72      0.70        43
       4_1_3       0.25      0.25      0.25         4
       4_1_4       1.00      0.17      0.29         6
       4_1_5       0.64      0.78      0.70         9
       4_2_0       0.00      0.00      0.00         3
      4_2_10       1.00      0.33      0.50         3
       4_2_2       0.33      0.25      0.29         4
       4_2_4       1.00      0.70      0.82        10
       4_2_7       0.18      0.33      0.24         6
       5_1_0       1.00      0.50      0.67        10
       5_4_0       0.75      0.60      0.67         5
       6_1_0       0.17      0.20      0.18         5
       6_1_3       0.40      0.67      0.50         6
       6_1_5       0.00      0.00      0.00         4
       6_2_0       0.50      0.60      0.55         5
       7_1_0       0.80      0.33      0.47        12
       7_2_0       1.00      0.06      0.12        16
       7_3_0       0.28      0.54      0.37        13

   micro avg       0.86      0.76      0.81       665
   macro avg       0.62      0.43      0.46       665
weighted avg       0.90      0.76      0.80       665
 samples avg       0.79      0.78      0.78       665
