Classification Report — RECoT — Level 3 (min_support=3)
================================================================================

              precision    recall  f1-score   support

       0_0_0       0.97      0.83      0.90       494
       1_4_0       1.00      0.33      0.50         3
       2_1_4       1.00      0.75      0.86         4
       4_1_1       0.70      0.72      0.71        43
       4_1_3       0.50      0.75      0.60         4
       4_1_4       1.00      0.33      0.50         6
       4_1_5       0.43      0.33      0.38         9
       4_2_0       0.00      0.00      0.00         3
      4_2_10       1.00      0.33      0.50         3
       4_2_2       0.60      0.75      0.67         4
       4_2_4       1.00      0.70      0.82        10
       4_2_7       0.40      0.33      0.36         6
       5_1_0       1.00      0.30      0.46        10
       5_4_0       0.80      0.80      0.80         5
       6_1_0       0.20      0.20      0.20         5
       6_1_3       0.25      0.33      0.29         6
       6_1_5       0.50      0.75      0.60         4
       6_2_0       0.33      0.20      0.25         5
       7_1_0       0.33      0.17      0.22        12
       7_2_0       0.67      0.12      0.21        16
       7_3_0       0.15      0.38      0.22        13

   micro avg       0.85      0.74      0.79       665
   macro avg       0.61      0.45      0.48       665
weighted avg       0.88      0.74      0.79       665
 samples avg       0.77      0.76      0.76       665
