Classification Report — recot_hn — Level 2 (min_support=0)
================================================================================

              precision    recall  f1-score   support

         0_0       0.96      0.86      0.91       494
         1_0       0.50      1.00      0.67         1
         1_1       1.00      0.67      0.80         3
         1_2       0.00      0.00      0.00         1
         1_3       0.00      0.00      0.00         0
         1_4       1.00      0.67      0.80         3
         1_7       1.00      1.00      1.00         1
         1_8       0.00      0.00      0.00         1
         2_0       0.00      0.00      0.00         0
         2_1       1.00      1.00      1.00         6
         2_2       0.00      0.00      0.00         1
         2_3       0.33      0.50      0.40         2
         3_2       1.00      1.00      1.00         1
         3_3       0.67      1.00      0.80         2
         3_4       0.00      0.00      0.00         1
         4_1       0.68      0.78      0.73        55
         4_2       0.44      0.41      0.43        29
         4_3       0.00      0.00      0.00         2
         4_4       0.50      0.50      0.50         2
         5_0       0.17      1.00      0.29         1
         5_1       1.00      0.40      0.57        10
         5_2       0.00      0.00      0.00         1
         5_4       0.67      0.40      0.50         5
         6_1       0.56      0.62      0.59        16
         6_2       0.25      0.20      0.22         5
         7_0       0.00      0.00      0.00         0
         7_1       0.50      0.33      0.40        12
         7_2       0.23      0.50      0.31        18
         7_3       0.27      0.31      0.29        13
         7_4       0.00      0.00      0.00         0

   micro avg       0.80      0.78      0.79       686
   macro avg       0.42      0.44      0.41       686
weighted avg       0.84      0.78      0.80       686
 samples avg       0.82      0.81      0.81       686
