Classification Report — recot_hn — Level 3 (min_support=3)
================================================================================

              precision    recall  f1-score   support

       0_0_0       0.96      0.86      0.91       494
       1_4_0       1.00      0.67      0.80         3
       2_1_4       1.00      0.75      0.86         4
       4_1_1       0.79      0.79      0.79        43
       4_1_3       0.50      0.50      0.50         4
       4_1_4       0.00      0.00      0.00         6
       4_1_5       0.50      0.44      0.47         9
       4_2_0       0.40      0.67      0.50         3
      4_2_10       0.00      0.00      0.00         3
       4_2_2       0.33      0.25      0.29         4
       4_2_4       1.00      0.50      0.67        10
       4_2_7       0.33      0.33      0.33         6
       5_1_0       1.00      0.40      0.57        10
       5_4_0       0.67      0.40      0.50         5
       6_1_0       0.14      0.20      0.17         5
       6_1_3       0.38      0.50      0.43         6
       6_1_5       0.00      0.00      0.00         4
       6_2_0       0.25      0.20      0.22         5
       7_1_0       0.50      0.33      0.40        12
       7_2_0       1.00      0.06      0.12        16
       7_3_0       0.27      0.31      0.29        13

   micro avg       0.87      0.75      0.81       665
   macro avg       0.52      0.39      0.42       665
weighted avg       0.87      0.75      0.80       665
 samples avg       0.79      0.78      0.78       665
