Classification Report — recot_no_trigger — Level 1 (min_support=3)
================================================================================

              precision    recall  f1-score   support

           0       0.98      0.85      0.91       494
           1       1.00      0.78      0.88         9
           2       0.67      1.00      0.80         8
           3       0.75      0.75      0.75         4
           4       0.63      0.77      0.70        74
           5       0.85      0.69      0.76        16
           6       0.59      0.65      0.62        20
           7       0.36      0.79      0.49        29

   micro avg       0.84      0.83      0.84       654
   macro avg       0.73      0.78      0.74       654
weighted avg       0.89      0.83      0.85       654
 samples avg       0.85      0.84      0.84       654
