Classification Report — recot_hn — Level 1 (min_support=3)
================================================================================

              precision    recall  f1-score   support

           0       0.96      0.86      0.91       494
           1       0.88      0.78      0.82         9
           2       0.70      0.88      0.78         8
           3       0.60      0.75      0.67         4
           4       0.61      0.74      0.67        74
           5       0.85      0.69      0.76        16
           6       0.68      0.75      0.71        20
           7       0.37      0.72      0.49        29

   micro avg       0.84      0.83      0.84       654
   macro avg       0.71      0.77      0.73       654
weighted avg       0.88      0.83      0.85       654
 samples avg       0.85      0.85      0.84       654
