Classification Report — recot_hn — Level 3 (min_support=0)
================================================================================

              precision    recall  f1-score   support

       0_0_0       0.96      0.86      0.91       494
       1_0_0       0.50      1.00      0.67         1
       1_1_1       0.00      0.00      0.00         1
       1_1_3       1.00      1.00      1.00         1
       1_1_4       1.00      1.00      1.00         1
       1_2_0       0.00      0.00      0.00         1
       1_3_0       0.00      0.00      0.00         0
       1_4_0       1.00      0.67      0.80         3
       1_7_0       1.00      1.00      1.00         1
       1_8_0       0.00      0.00      0.00         1
       2_0_0       0.00      0.00      0.00         0
       2_1_0       0.50      1.00      0.67         1
       2_1_1       1.00      1.00      1.00         1
       2_1_4       1.00      0.75      0.86         4
       2_2_0       0.00      0.00      0.00         1
       2_3_0       0.00      0.00      0.00         1
       2_3_1       0.00      0.00      0.00         1
       2_3_6       1.00      1.00      1.00         1
       3_2_2       1.00      1.00      1.00         1
       3_3_0       0.33      1.00      0.50         1
       3_3_1       0.00      0.00      0.00         1
       3_4_0       0.00      0.00      0.00         1
       4_1_0       0.25      1.00      0.40         1
       4_1_1       0.79      0.79      0.79        43
       4_1_2       0.33      1.00      0.50         2
       4_1_3       0.50      0.50      0.50         4
       4_1_4       0.00      0.00      0.00         6
       4_1_5       0.50      0.44      0.47         9
       4_2_0       0.40      0.67      0.50         3
       4_2_1       0.00      0.00      0.00         1
      4_2_10       0.00      0.00      0.00         3
      4_2_11       0.00      0.00      0.00         0
      4_2_12       0.00      0.00      0.00         0
      4_2_13       0.00      0.00      0.00         1
       4_2_2       0.33      0.25      0.29         4
       4_2_4       1.00      0.50      0.67        10
       4_2_6       0.25      1.00      0.40         1
       4_2_7       0.33      0.33      0.33         6
       4_2_8       0.33      1.00      0.50         1
       4_3_1       0.00      0.00      0.00         2
       4_3_3       0.00      0.00      0.00         0
       4_4_2       0.50      1.00      0.67         1
       4_4_3       0.00      0.00      0.00         1
       5_0_0       0.17      1.00      0.29         1
       5_1_0       1.00      0.40      0.57        10
       5_2_0       0.00      0.00      0.00         1
       5_4_0       0.67      0.40      0.50         5
       6_1_0       0.14      0.20      0.17         5
       6_1_1       0.00      0.00      0.00         1
       6_1_2       0.00      0.00      0.00         0
       6_1_3       0.38      0.50      0.43         6
       6_1_4       1.00      0.50      0.67         2
       6_1_5       0.00      0.00      0.00         4
       6_2_0       0.25      0.20      0.22         5
       7_0_0       0.00      0.00      0.00         0
       7_1_0       0.50      0.33      0.40        12
       7_2_0       1.00      0.06      0.12        16
       7_2_1       0.00      0.00      0.00         0
       7_2_2       0.00      0.00      0.00         0
       7_2_3       0.50      1.00      0.67         1
       7_2_4       0.00      0.00      0.00         1
       7_3_0       0.27      0.31      0.29        13
       7_4_0       0.00      0.00      0.00         0

   micro avg       0.77      0.74      0.76       700
   macro avg       0.34      0.39      0.33       700
weighted avg       0.84      0.74      0.78       700
 samples avg       0.80      0.79      0.79       700
