Classification Report — recot_full — Level 1 (min_support=3)
================================================================================

              precision    recall  f1-score   support

           0       0.97      0.85      0.90       494
           1       0.88      0.78      0.82         9
           2       0.78      0.88      0.82         8
           3       0.60      0.75      0.67         4
           4       0.63      0.77      0.69        74
           5       0.75      0.75      0.75        16
           6       0.60      0.75      0.67        20
           7       0.37      0.83      0.51        29

   micro avg       0.84      0.83      0.83       654
   macro avg       0.70      0.79      0.73       654
weighted avg       0.88      0.83      0.85       654
 samples avg       0.85      0.84      0.84       654
