Classification Report — recot — Level 2 (min_support=0)
================================================================================

              precision    recall  f1-score   support

         0_0       0.97      0.85      0.90       494
         1_0       0.00      0.00      0.00         1
         1_1       1.00      0.67      0.80         3
         1_2       0.50      1.00      0.67         1
         1_3       0.00      0.00      0.00         0
         1_4       1.00      0.67      0.80         3
         1_7       1.00      1.00      1.00         1
         1_8       1.00      1.00      1.00         1
         2_1       0.86      1.00      0.92         6
         2_2       0.00      0.00      0.00         1
         2_3       0.50      0.50      0.50         2
         3_2       1.00      1.00      1.00         1
         3_3       0.50      1.00      0.67         2
         3_4       0.00      0.00      0.00         1
         4_1       0.68      0.76      0.72        55
         4_2       0.52      0.52      0.52        29
         4_3       0.00      0.00      0.00         2
         4_4       0.25      0.50      0.33         2
         5_0       0.20      1.00      0.33         1
         5_1       1.00      0.40      0.57        10
         5_2       0.00      0.00      0.00         1
         5_3       0.00      0.00      0.00         0
         5_4       0.71      1.00      0.83         5
         6_1       0.48      0.69      0.56        16
         6_2       0.50      0.20      0.29         5
         7_0       0.00      0.00      0.00         0
         7_1       0.50      0.33      0.40        12
         7_2       0.22      0.44      0.30        18
         7_3       0.21      0.46      0.29        13

   micro avg       0.80      0.78      0.79       686
   macro avg       0.47      0.52      0.46       686
weighted avg       0.85      0.78      0.81       686
 samples avg       0.82      0.80      0.81       686
