Classification Report — recot_full — Level 3 (min_support=3)
================================================================================

              precision    recall  f1-score   support

       0_0_0       0.97      0.85      0.90       494
       1_4_0       1.00      0.67      0.80         3
       2_1_4       1.00      0.50      0.67         4
       4_1_1       0.73      0.77      0.75        43
       4_1_3       0.60      0.75      0.67         4
       4_1_4       0.50      0.17      0.25         6
       4_1_5       0.44      0.44      0.44         9
       4_2_0       0.00      0.00      0.00         3
      4_2_10       1.00      0.33      0.50         3
       4_2_2       0.50      0.50      0.50         4
       4_2_4       1.00      0.50      0.67        10
       4_2_7       0.33      0.33      0.33         6
       5_1_0       1.00      0.40      0.57        10
       5_4_0       0.71      1.00      0.83         5
       6_1_0       0.12      0.20      0.15         5
       6_1_3       0.25      0.33      0.29         6
       6_1_5       0.33      0.25      0.29         4
       6_2_0       0.50      0.20      0.29         5
       7_1_0       0.50      0.33      0.40        12
       7_2_0       1.00      0.06      0.12        16
       7_3_0       0.21      0.46      0.29        13

   micro avg       0.85      0.75      0.80       665
   macro avg       0.61      0.43      0.46       665
weighted avg       0.89      0.75      0.80       665
 samples avg       0.78      0.77      0.77       665
