Classification Report — RECoT — Level 1 (min_support=0)
================================================================================

              precision    recall  f1-score   support

           0       0.97      0.83      0.90       494
           1       0.86      0.67      0.75         9
           2       0.70      0.88      0.78         8
           3       0.60      0.75      0.67         4
           4       0.61      0.77      0.68        74
           5       0.79      0.69      0.73        16
           6       0.60      0.75      0.67        20
           7       0.34      0.79      0.48        29

   micro avg       0.83      0.82      0.82       654
   macro avg       0.68      0.77      0.71       654
weighted avg       0.88      0.82      0.84       654
 samples avg       0.83      0.83      0.83       654
