Classification Report — RECoT + HN — Level 3 (min_support=0)
================================================================================

              precision    recall  f1-score   support

       0_0_0       0.96      0.88      0.92       494
       1_0_0       0.33      1.00      0.50         1
       1_1_1       1.00      1.00      1.00         1
       1_1_3       1.00      1.00      1.00         1
       1_1_4       1.00      1.00      1.00         1
       1_2_0       0.00      0.00      0.00         1
       1_3_0       0.00      0.00      0.00         0
       1_4_0       1.00      0.67      0.80         3
       1_7_0       1.00      1.00      1.00         1
       1_8_0       0.00      0.00      0.00         1
       2_0_0       0.00      0.00      0.00         0
       2_1_0       0.00      0.00      0.00         1
       2_1_1       1.00      1.00      1.00         1
       2_1_4       1.00      1.00      1.00         4
       2_2_0       0.00      0.00      0.00         1
       2_3_0       0.33      1.00      0.50         1
       2_3_1       1.00      1.00      1.00         1
       2_3_6       1.00      1.00      1.00         1
       3_2_2       1.00      1.00      1.00         1
       3_3_0       0.00      0.00      0.00         1
       3_3_1       1.00      1.00      1.00         1
       3_4_0       0.00      0.00      0.00         1
       3_6_0       0.00      0.00      0.00         0
       4_1_0       0.00      0.00      0.00         1
       4_1_1       0.80      0.74      0.77        43
       4_1_2       0.50      1.00      0.67         2
       4_1_3       0.60      0.75      0.67         4
       4_1_4       1.00      0.17      0.29         6
       4_1_5       0.46      0.67      0.55         9
       4_2_0       1.00      0.67      0.80         3
       4_2_1       0.00      0.00      0.00         1
      4_2_10       0.00      0.00      0.00         3
      4_2_11       0.00      0.00      0.00         0
      4_2_12       0.00      0.00      0.00         0
      4_2_13       0.00      0.00      0.00         1
       4_2_2       0.50      0.25      0.33         4
       4_2_4       1.00      0.60      0.75        10
       4_2_6       0.33      1.00      0.50         1
       4_2_7       0.29      0.33      0.31         6
       4_2_8       0.50      1.00      0.67         1
       4_3_1       0.00      0.00      0.00         2
       4_3_3       0.00      0.00      0.00         0
       4_4_0       0.00      0.00      0.00         0
       4_4_2       0.00      0.00      0.00         1
       4_4_3       0.00      0.00      0.00         1
       5_0_0       0.20      1.00      0.33         1
       5_1_0       1.00      0.50      0.67        10
       5_2_0       0.00      0.00      0.00         1
       5_4_0       1.00      0.20      0.33         5
       6_0_0       0.00      0.00      0.00         0
       6_1_0       0.10      0.20      0.13         5
       6_1_1       0.00      0.00      0.00         1
       6_1_3       0.33      0.50      0.40         6
       6_1_4       1.00      0.50      0.67         2
       6_1_5       0.00      0.00      0.00         4
       6_2_0       0.75      0.60      0.67         5
       7_0_0       0.00      0.00      0.00         0
       7_1_0       0.50      0.33      0.40        12
       7_2_0       0.33      0.06      0.11        16
       7_2_1       0.00      0.00      0.00         0
       7_2_2       0.00      0.00      0.00         0
       7_2_3       0.00      0.00      0.00         1
       7_2_4       0.00      0.00      0.00         1
       7_3_0       0.35      0.46      0.40        13
       7_4_0       0.00      0.00      0.00         0

   micro avg       0.79      0.76      0.78       700
   macro avg       0.39      0.39      0.36       700
weighted avg       0.85      0.76      0.79       700
 samples avg       0.82      0.81      0.81       700
