Classification Report — Qwen3.5-9B RECoT — Level 2 (min_support=0)
================================================================================

              precision    recall  f1-score   support

         0_0       0.97      0.89      0.93       494
         1_0       0.00      0.00      0.00         1
         1_1       1.00      0.67      0.80         3
         1_2       0.50      1.00      0.67         1
         1_3       0.00      0.00      0.00         0
         1_4       1.00      0.33      0.50         3
         1_7       1.00      1.00      1.00         1
         1_8       0.00      0.00      0.00         1
         2_1       1.00      1.00      1.00         6
         2_2       0.00      0.00      0.00         1
         2_3       0.50      1.00      0.67         2
         3_2       1.00      1.00      1.00         1
         3_3       1.00      1.00      1.00         2
         3_4       0.00      0.00      0.00         1
         4_1       0.85      0.82      0.83        55
         4_2       0.44      0.48      0.46        29
         4_3       0.00      0.00      0.00         2
         4_4       0.50      0.50      0.50         2
         5_0       0.17      1.00      0.29         1
         5_1       1.00      0.50      0.67        10
         5_2       0.00      0.00      0.00         1
         5_4       0.67      0.80      0.73         5
         6_1       0.59      0.81      0.68        16
         6_2       0.40      0.40      0.40         5
         7_0       0.00      0.00      0.00         0
         7_1       0.80      0.33      0.47        12
         7_2       0.34      0.72      0.46        18
         7_3       0.31      0.62      0.41        13

   micro avg       0.84      0.83      0.83       686
   macro avg       0.50      0.53      0.48       686
weighted avg       0.88      0.83      0.84       686
 samples avg       0.86      0.85      0.85       686
