Classification Report — Qwen3.5-2B RECoT — Level 1 (min_support=3)
================================================================================

              precision    recall  f1-score   support

           0       0.94      0.80      0.86       494
           1       0.75      0.33      0.46         9
           2       0.80      0.50      0.62         8
           3       1.00      0.50      0.67         4
           4       0.45      0.64      0.53        74
           5       0.75      0.38      0.50        16
           6       0.46      0.55      0.50        20
           7       0.32      0.72      0.44        29

   micro avg       0.77      0.75      0.76       654
   macro avg       0.68      0.55      0.57       654
weighted avg       0.83      0.75      0.78       654
 samples avg       0.78      0.77      0.77       654
