Classification Report — Qwen3.5-2B RECoT — Level 2 (min_support=0)
================================================================================

              precision    recall  f1-score   support

         0_0       0.94      0.80      0.86       494
         1_0       0.00      0.00      0.00         1
         1_1       0.50      0.33      0.40         3
         1_2       0.00      0.00      0.00         1
         1_4       0.00      0.00      0.00         3
         1_7       1.00      1.00      1.00         1
         1_8       0.00      0.00      0.00         1
         2_1       1.00      0.33      0.50         6
         2_2       0.00      0.00      0.00         1
         2_3       0.67      1.00      0.80         2
         3_2       0.00      0.00      0.00         1
         3_3       1.00      1.00      1.00         2
         3_4       0.00      0.00      0.00         1
         4_0       0.00      0.00      0.00         0
         4_1       0.56      0.56      0.56        55
         4_2       0.21      0.31      0.25        29
         4_3       0.00      0.00      0.00         2
         4_4       0.33      0.50      0.40         2
         5_0       0.50      1.00      0.67         1
         5_1       1.00      0.10      0.18        10
         5_2       0.00      0.00      0.00         1
         5_4       0.75      0.60      0.67         5
         6_1       0.38      0.50      0.43        16
         6_2       0.25      0.20      0.22         5
         7_0       0.00      0.00      0.00         0
         7_1       0.00      0.00      0.00        12
         7_2       0.22      0.44      0.30        18
         7_3       0.23      0.62      0.33        13

   micro avg       0.73      0.69      0.71       686
   macro avg       0.34      0.33      0.31       686
weighted avg       0.79      0.69      0.73       686
 samples avg       0.75      0.74      0.74       686
