Classification Report — Qwen3.5-2B RECoT — Level 3 (min_support=0)
================================================================================

              precision    recall  f1-score   support

       0_0_0       0.94      0.80      0.86       494
       1_0_0       0.00      0.00      0.00         1
       1_1_0       0.00      0.00      0.00         0
       1_1_1       1.00      1.00      1.00         1
       1_1_3       0.00      0.00      0.00         1
       1_1_4       0.00      0.00      0.00         1
       1_2_0       0.00      0.00      0.00         1
       1_4_0       0.00      0.00      0.00         3
       1_7_0       1.00      1.00      1.00         1
       1_8_0       0.00      0.00      0.00         1
       2_1_0       0.00      0.00      0.00         1
       2_1_1       1.00      1.00      1.00         1
       2_1_4       1.00      0.25      0.40         4
       2_2_0       0.00      0.00      0.00         1
       2_3_0       0.00      0.00      0.00         1
       2_3_1       0.50      1.00      0.67         1
       2_3_2       0.00      0.00      0.00         0
       2_3_6       0.00      0.00      0.00         1
       3_2_2       0.00      0.00      0.00         1
       3_3_0       0.00      0.00      0.00         1
       3_3_1       0.00      0.00      0.00         1
       3_4_0       0.00      0.00      0.00         1
       4_0_0       0.00      0.00      0.00         0
       4_1_0       0.00      0.00      0.00         1
       4_1_1       0.71      0.63      0.67        43
       4_1_2       0.00      0.00      0.00         2
       4_1_3       0.25      0.25      0.25         4
       4_1_4       0.00      0.00      0.00         6
       4_1_5       0.29      0.22      0.25         9
       4_2_0       0.00      0.00      0.00         3
       4_2_1       0.00      0.00      0.00         1
      4_2_10       0.00      0.00      0.00         3
      4_2_12       0.00      0.00      0.00         0
      4_2_13       0.00      0.00      0.00         1
      4_2_14       0.00      0.00      0.00         0
      4_2_15       0.00      0.00      0.00         0
       4_2_2       0.15      0.50      0.24         4
       4_2_3       0.00      0.00      0.00         0
       4_2_4       0.40      0.20      0.27        10
       4_2_6       0.25      1.00      0.40         1
       4_2_7       0.00      0.00      0.00         6
       4_2_8       0.00      0.00      0.00         1
       4_3_1       0.00      0.00      0.00         2
       4_3_2       0.00      0.00      0.00         0
       4_4_0       0.00      0.00      0.00         0
       4_4_2       1.00      1.00      1.00         1
       4_4_3       0.00      0.00      0.00         1
       5_0_0       0.50      1.00      0.67         1
       5_1_0       1.00      0.10      0.18        10
       5_2_0       0.00      0.00      0.00         1
       5_4_0       0.75      0.60      0.67         5
       6_1_0       0.00      0.00      0.00         5
       6_1_1       0.00      0.00      0.00         1
       6_1_2       0.00      0.00      0.00         0
       6_1_3       0.12      0.17      0.14         6
       6_1_4       0.00      0.00      0.00         2
       6_1_5       0.14      0.25      0.18         4
       6_2_0       0.25      0.20      0.22         5
       7_0_0       0.00      0.00      0.00         0
       7_1_0       0.00      0.00      0.00        12
       7_2_0       0.00      0.00      0.00        16
       7_2_1       0.00      0.00      0.00         0
       7_2_2       0.00      0.00      0.00         0
       7_2_3       0.00      0.00      0.00         1
       7_2_4       0.00      0.00      0.00         1
       7_3_0       0.23      0.62      0.33        13

   micro avg       0.69      0.65      0.67       700
   macro avg       0.17      0.18      0.16       700
weighted avg       0.76      0.65      0.69       700
 samples avg       0.72      0.71      0.71       700
