Classification Report — Qwen3.5-2B RECoT — Level 3 (min_support=3)
================================================================================

              precision    recall  f1-score   support

       0_0_0       0.94      0.80      0.86       494
       1_4_0       0.00      0.00      0.00         3
       2_1_4       1.00      0.25      0.40         4
       4_1_1       0.71      0.63      0.67        43
       4_1_3       0.25      0.25      0.25         4
       4_1_4       0.00      0.00      0.00         6
       4_1_5       0.29      0.22      0.25         9
       4_2_0       0.00      0.00      0.00         3
      4_2_10       0.00      0.00      0.00         3
       4_2_2       0.15      0.50      0.24         4
       4_2_4       0.40      0.20      0.27        10
       4_2_7       0.00      0.00      0.00         6
       5_1_0       1.00      0.10      0.18        10
       5_4_0       0.75      0.60      0.67         5
       6_1_0       0.00      0.00      0.00         5
       6_1_3       0.12      0.17      0.14         6
       6_1_5       0.14      0.25      0.18         4
       6_2_0       0.25      0.20      0.22         5
       7_1_0       0.00      0.00      0.00        12
       7_2_0       0.00      0.00      0.00        16
       7_3_0       0.23      0.62      0.33        13

   micro avg       0.78      0.67      0.72       665
   macro avg       0.30      0.23      0.22       665
weighted avg       0.79      0.67      0.72       665
 samples avg       0.72      0.70      0.70       665
