Classification Report — Qwen3.5-0.8B RECoT — Level 2 (min_support=0)
================================================================================

              precision    recall  f1-score   support

         0_0       0.86      0.32      0.47       494
         1_0       0.00      0.00      0.00         1
         1_1       0.38      1.00      0.55         3
         1_2       0.00      0.00      0.00         1
         1_3       0.00      0.00      0.00         0
         1_4       0.00      0.00      0.00         3
         1_5       0.00      0.00      0.00         0
         1_6       0.00      0.00      0.00         0
         1_7       0.25      1.00      0.40         1
         1_8       0.00      0.00      0.00         1
         1_9       0.00      0.00      0.00         0
         2_1       0.00      0.00      0.00         6
         2_2       0.00      0.00      0.00         1
         2_3       0.00      0.00      0.00         2
         3_0       0.00      0.00      0.00         0
         3_2       0.00      0.00      0.00         1
         3_3       0.00      0.00      0.00         2
         3_4       0.00      0.00      0.00         1
         4_0       0.00      0.00      0.00         0
         4_1       0.31      0.22      0.26        55
         4_2       0.20      0.17      0.19        29
         4_3       0.00      0.00      0.00         2
         4_4       0.00      0.00      0.00         2
         5_0       0.00      0.00      0.00         1
         5_1       0.00      0.00      0.00        10
         5_2       0.00      0.00      0.00         1
         5_4       0.50      0.40      0.44         5
         6_0       0.00      0.00      0.00         0
         6_1       0.19      0.25      0.22        16
         6_2       0.00      0.00      0.00         5
         7_0       0.00      0.00      0.00         0
         7_1       0.00      0.00      0.00        12
         7_2       0.17      0.22      0.20        18
         7_3       0.00      0.00      0.00        13

   micro avg       0.56      0.28      0.37       686
   macro avg       0.08      0.11      0.08       686
weighted avg       0.67      0.28      0.38       686
 samples avg       0.30      0.29      0.30       686
