Classification Report — Qwen3.5-4B No RECoT — Level 2 (min_support=0)
================================================================================

              precision    recall  f1-score   support

         0_0       0.97      0.82      0.89       494
         1_0       0.50      1.00      0.67         1
         1_1       1.00      1.00      1.00         3
         1_2       0.00      0.00      0.00         1
         1_4       1.00      0.33      0.50         3
         1_7       1.00      1.00      1.00         1
         1_8       1.00      1.00      1.00         1
         2_0       0.00      0.00      0.00         0
         2_1       0.80      0.67      0.73         6
         2_2       0.00      0.00      0.00         1
         2_3       0.33      0.50      0.40         2
         3_0       0.00      0.00      0.00         0
         3_2       1.00      1.00      1.00         1
         3_3       0.50      1.00      0.67         2
         3_4       0.00      0.00      0.00         1
         3_6       0.00      0.00      0.00         0
         4_0       0.00      0.00      0.00         0
         4_1       0.63      0.80      0.70        55
         4_2       0.30      0.38      0.33        29
         4_3       0.20      0.50      0.29         2
         4_4       0.10      0.50      0.17         2
         5_0       0.00      0.00      0.00         1
         5_1       0.56      0.50      0.53        10
         5_2       0.00      0.00      0.00         1
         5_4       0.50      0.80      0.62         5
         6_0       0.00      0.00      0.00         0
         6_1       0.36      0.56      0.44        16
         6_2       0.25      0.20      0.22         5
         7_0       0.00      0.00      0.00         0
         7_1       0.67      0.50      0.57        12
         7_2       0.22      0.61      0.32        18
         7_3       0.18      0.62      0.28        13
         7_4       0.00      0.00      0.00         0

   micro avg       0.70      0.76      0.73       686
   macro avg       0.37      0.43      0.37       686
weighted avg       0.83      0.76      0.78       686
 samples avg       0.77      0.79      0.77       686
